97
Bread
Scandinavian
Hot chocolate
Jam
Cookies
Muffin
Coffee
Pastry
Bread
Medialuna
Tea
Other
Tartine
Basket
Mineral water
Farm House
Fudge
Juice
Ella's Kitchen Pouches
Victorian Sponge
Frittata
Hearty & Seasonal
Soup
Pick and Mix Bowls
Smoothies
Cake
Mighty Protein
Chicken sand
Coke
My-5 Fruit Shoot
Focaccia
Sandwich
Alfajores
Eggs
Brownie
Dulce de Leche
Honey
The BART
Granola
Fairy Doors
Empanadas
Keeping It Local
Art Tray
Bowl Nic Pitt
Bread Pudding
Adjustment
Truffles
Chimichurri Oil
Bacon
Spread
Kids biscuit
Siblings
Caramel bites
Jammie Dodgers
Tiffin
Olum & polenta
Polenta
The Nomad
Hack the stack
Bakewell
Lemon and coconut
Toast
Scone
Crepes
Vegan mincepie
Bare Popcorn
Muesli
Crisps
Pintxos
Gingerbread syrup
Panatone
Brioche and salami
Afternoon with the baker
Salad
Chicken Stew
Spanish Brunch
Raspberry shortbread sandwich
Extra Salami or Feta
Duck egg
Baguette
Valentine's card
Tshirt
Vegan Feast
Postcard
Nomad bag
Chocolates
Coffee granules 
Drinking chocolate spoons 
Christmas common
Argentina Night
Half slice Monster 
Gift voucher
Cherry me Dried fruit
Mortimer
Raw bars
Tacos/Fajita
Smoothies
9531
8
6 32
6 7
15
8 10 25
6 8
10 19 32
8
6 8
4 10 17 22
7 15
6
4 6 34
6 73 75 77
4 6
1 8
6 22 31
5 10
6 7 8
8
6 23
6 9
6
6 10 22 31 75
6 8 10 22
22
6 11
8
2 9 10 25
6 9 25
6 25
2 8 11 17 61
8 10
5 9 34
10 25
7 8
6 8
7 8
6
6 34
8
4 6 10 17 25 31 59
11
8
6
8 10 59
7
82
5 25
6 20
10 17 21
6
8
2 6 10
25
6 22 44
6 22 42 73 75
6 31
6 8 11
8
2 4 10 17
3 6 16 31 44
53
6
3 8
10 22
25
2
6
8 31 57 62
6
6 7
4 6 11 17 31 77
7
31
7 8 10
61
7 8
3 6
6 7
6 74
8
6
6
8 62 75
15
6 34
8
6
6 7
6
6 8 46
9 10 34
7 9 79
6 22 31
7
8
11 17 31
6 7
8
8 10 14 38 75
17 22 25
8 17 31 59 61
6
8
6 8
10 25
6 28 31 46 74
1 19 25
8
22 50
6
1 8 79
10 25
6 22 31
6
11 17 46
5
2 6 7 8 25 53
7 11 17
6 79
6 8
6
8
8 79
2 25 29
6
8 34
17 46 74
2 24 75
6 7 8
16 79
10 34
4 10
8 53
6 25
6 57 75
8
6
2 6 61
25
6 10 41
6 62
6 25
25
11
6 8 11
6
6 34
8 32
6
10
6 25
8
6
8
2 6
5 6 32
6
4 6 12
6 7 61
5 10
10 54
6 25 31 73
6 8
6
10 25 28
2 6 25
6 8 32
8 10 31
7 8 10
38
6
6 7
9
8
25
6
6
5 6
89
8
4 8 61
6 8
6
6
8 9
10 17 31
74
7 8
6 8 9 21
6 16 32
8
8
6 46 81
6 8 31
8
3 11
11 46
22
6
28 31
15
6 32
8
6 11
4
4 6 25
6 61
8
25
6 9 41
8 15
6
2 6 7
8 10 17 25
8
10 11 25
6 8 9 33
6 22
2
6
7 8
6 10 61
6 8
8
5 6 32
6 10 25
25
8 32
4 6 10 42
6 17 61 73 77
8
6 15 17 65 73 75 77
8
6
2 4 6 8 31
2 6 8 25 54
2 6 11
8
72
2 4 6 9
6
4 6 7
6 32
9 10
6 10 25 53
2 9 10 32
6 10
6 79
6 9 12
2 6
6 10 31
11
3
6 22 31
1
6 25
4
6 8 61
6 79
6 8
10 11 38
6 7
8 10
2 3 8 88
8 9
8
8 62
6 7
7 8
6 7 8
2 4 8 24
72
15 63
8 34
10 61
7
6 7 53
25
1 6 10 11 32 41
16
6 8
8 10
2 10
8
6
8
6
6 10 31
2 5 6
4 22
10 25
6 10
2 6 9 34
6 17 18 31
6 53
8
8 9
8
2 6 11 62
8 62
6 7
1 32
68
2 3 6 7
5 6
6 32
6 11 38
6
7 8
6
6 57
6 8
6
6
6
6 8 20 31 73
4 6
6 25
6 31
10
6
8 15
2 9 10 28
8
8
2 25
6 8 25
5 6
53
8
31
6
6 7 8 34
2 25
8 32
6
6 31
6
6 9 21
10 31
6 10
1 6 8 25 73 77
4
2 8 9 61
6
25 86
72
6 8
6 62
8
6
6 34
5 25
10 17 22
4 8
16
6
6 9
8 31
2 11 74
3 6
6 7
9
28 74
6 8 62
5 6 25
6 25 32 34
8
6
2 22
8
6
9 10 25
17
6 10 11 21
15
6
6 9 61
8
4 31
10
3 7 8
1
6 9
6 7 25
10 75
4 8
6 7 8 17 46 62
8
6 17
6 7
8 11
6 25 75
6 22
28
6
6
6 9
79
6
8
10 25
10
6 11
6 31
7 8 25
6 9
7
8 11
8
10 11
6 9 25
8
5 17 24
53 54
11
6
6
2 6 8
6 21 24 25 31
8
7 10
3 6 8 15
6
25
8
7 8 9
28 81
5 6 10 25
8
6 10 25 46 73 74
6 31
4 8 54 61
8
8
6
7 9
6
6
6 11 31
9
5 8 21
4 6 15
6
6
8 25 59
3 8 9 10 32
10 62
8
8 73
31
6 8 9
32
6
14 17 46
6 8 17 61
6 10
7 9 69
24
2 6 8 34
30
6 61
7 62
2 10 25 34
34
6 25
6
6
6 24 54
4 6 10
8 22 74
1
28
8
6
1 79
6 10
8
2 5 6
8 25
6
8
8
6
6
9
5
4
7 25
4 6
6
5 6 9 17
8
10 11
6 61
4 25 53 82
2 5 6
82
6 9
6 7 10
6 41
6 11
6 64
79
6
70
6 31
6 61
34
8
6 7 32 79
8
8
6 8
1 6 10
6 10
6 61
6 10 32
6 28
8
6 10 61
6
6 75 77
6 9
6 10
8
8
8 25
22 46
8
6
6
6 14 28 59 73
8 10 25
8
6 21 22
6
6 10
10
2 11
8
6 25
15
18
8
61
7
6
6 10
6 61
8 25
6 61
6
8
8 10 22
6 8
6
4 9 25 57 75
6 15
16
6 8 9 32
8
6 61
8
6
79
6 17
6 8 9 10 31
8
6 8 32
10 62
6
25
8
4 6 17 62
6
6
11
8
4 6
6 75 78
79
25
6 44
8 10 16 24
6 17 32 53
6
6 25
6 53
8 11
8
6 7 8
9
2 7 10 54
8
8
8
30
2 6 9 11
6 61
8 9
8 10 22 25
6 25
8
4 6 8 31 32
2 6 25 31 61
6
10 31
6 28 31
10 61
6 8
8 10 25
6 75
8 10 62
6 11 14 31
10 74
6 7 61 62
8
6 34
6 7
8 30
88
6 10
8
2 31
6 10
6 8
62
15
6
8 10
7 8
6
8 61
6 62
3 6
8 25
8 11 38
6
6 7
6 54
8
25
3 22
2 6
7 8
6 8 11
4 6 61
6 34
8
67
6
8 10 28 46
8
8 20
7 8 34
6
4 6 10 36
6 8 11 41
25 72
9 10
10
6 32
6 10 46
8 10
6
6 8 62
6 7
31
6 32 62
8
8 10 40
8 10 31 34 53 74
6 7
6 25 32 34
53
8
4 6 8
3
8
8 31
6
6
28
9 17 28
79
6
15
6 34 79
6 25 73
6 8 17 31 57
6 7
6
8
6 8 34
6
8
6 79
6 7 8
3 6 7
6 25
10
6 8
10 11 25 46
6 10 31
4 8 10 11 61
5 6 10 11 17 31
6 7
4 8 54 64
8 32
81 83
6 7 31
8 32 71
8
10 11
9
5 9
6
6 21 22 34 43
31
6
6
2 6 15
6 25
3 16
6 31
6
11
79
6
8
6 8 15 31 75
6
5 22
6
6 7
6 9 22
28
8
8 11
8
1
2 62
6 10 61
15
10
8
6 7 11
25
15
2 6 54
6 73
6
6 8
30
6 10 54
4
6 8
8
6
4 6
10
15
7 10 32
6 8
81
4 10 25
5 6 10 17 25
8 17 29 32
31
8
25 34
8
6 9 11
6 11 14 31
6 7 9
6 7 9
6 8 31
6
6
6
1
6
2 6 10 25 73
8 17 25
6 9
6
6 11
16
8
4 5 6 8
32 35
6 41
6 7 46
1 8 84
1 30
6 7
6 7
2 4 6 8 25 62
6
6 17 25 31
83
1
8
6 24 61
8
10 22 62
6 8 31 75
6
10
6 8
15
7 9
54
34
6 17 32
6 8 25
6 10 32
25
6 9
6 17 32 34
33
6 8
6
6 8
28 31
1
7 10 22
77
6 31
2 6 9 11
6 8 11
4 8
57
7 8
8
6
6 8
6 8 25 64
79
6 10 14 31 32 46 75
6
6 8
10 32
6
1 6 8 11 16 31
6 10 32
8
7 8
6 25
8
7 8
5 8
6 53
7 8
3 8
6 7 8
6 25
6 11 75 77
75
8
7 15
4 6
8
8 25 41
8
10
6 8 11
2 6 8 64
8
8
7 8
6 10 62
6 11 25 31 54
61
6
6 74
6 7
6 8
32 34
7 8 10
2 6 25 31
2 6 8 11 61 79
8 22
4 6
8 22 31
6
6 9
2 6 8 11
6 75
6 22
5 10
6 9
10 31
10 34 54
6 10 22 74
6 7
6 10 11 31
6 62
10 11
2 8 11 54
6 17 74
15
8 10 11
10
6 15 17 25 62
8 18
2
6 62
6 7
54
4 10 25
7 8
6 34
6 25 29 31 32
6 17 25
62
8 17 25 53
15
6
6 11 17
10 25
4 6
8
8
8
6 8
6 9
8
4 6 7
25
30 34
28 54 74
8 54
7 8 16
6 9
6 7 28
6 8 54
7 8
5 6
8 14
2 4 24
15
4
6 31
14 34
10 61
6 10 11 31
2 25
22 74
2 6 25 61
7 8 25
8 87
2 8 9
5
8 11
6 25
6 8
6 11
10 11 73
7 8
8 15
8 25 31
6 8
8
1
4 34
6 10
8 10
6 73
8
8
2 6 34 53
7 25 34
10 22
10
8
8
10 76
7 9 11
15 30
30
14 20 28 31 34
7 79
11
1 38
9 10 46
8
8 9
6
10 12
7 8
6 8 11 28 31
75
7 8
6
28
5 10 25 62
6
6
6
8
8
6 9 34
2 8 9 32
7
79
1 9 15 32
15
6 7 8
46
6 11
8
8 9
5 10 25
6 53
11 28
6 7 9
8
6 7 8
2 6 8
8 70
8
2 6 25
7 8
8
8
9
8
8
3 16
6 8
6 8
6 11
1 6
6 7 8 11
5 6 25
6
8
2 8
2 6 67
6 22 25
6 32
8 62
31
6
9
7
7 15
8
6
8 10
6
6 11
6
2 5 6 17 42
8
8 31
25 31 46 74
6
10 62
10 12
6 8
8 9
8 11
8
8 10 11 25 31 77
6 10 25 62
28 46 73 79
6 8
8 79
2
10 62
6
6 25 31
6 31
3 10 16 75
8
2 8 53
8
8 25
5 6 10
5 8 31
5 6
6
79
74
6 11 41
15
2 6
7 8
6 25
3 6 11 16 41
62
6 7 9 15 17 34
6 11 31
6
5 6
6 25
8
6 8 24 25
7 10 25
6 10 61
2 6 15
8 79
5 6
7 8 9
2 7
4 8 22 62
10
31
6 25
7 8 33 84
6 41
6
6 8
6 8 11 17 25
6 9
8
2 8 34
8
3 8 57
6
8
8 62
9 32
8 11 21 34
8 62
6 7 8 9
1 12
6 31
6 8 17
5 8 29 34
8
8
8
6 8 32 34 54
6 17
6 7
5 6
15 62
6
62
6 9
4 6 10 25
8
3 8
14
6 32 34
25 59
6 31
6 31
6 25
8 10 11 31
25
8
6 8 9
6 17 25
2 6 8
2 6 32
7
6
6 25
15
8
6 34
2 5 8
8
3
6 61
6 25
10 22 25
4 6 8 25 34 59
16
8 15
8
10 25
62
3 6
7
6 62
6 61
5 6
6 8
6 8 11
6 31
10 22
2 5 8 24
7 8 25
8
8
62
6 7
8
8
6 11
8
6 11
6 17
2 10
20
10 61
6
6 21 41
6
25 90
6 25
8
6 8 31 74
8
15
6 73
5 6 8
5 6
2 6 25
6 17 25 32
25
6 7 10
5
8
6
4
8 15
8 11
15
15
4 6 61
6 9
25
6 61
8 62
6
1 8
10
62
6 8 10
4 6
8
6
6 8 75
7 10
6 8
6 8
6 9
6
30 31 32
6 8
6 22 34
8
8 61
3 8 16
10 75
4 6 8 9
6
6 25
4
6
15
8
1 8
11
4
6 8
6 61
6 8 32
6 8 10 25 32 61
6
6 10 25 61
1 8 32
6
80
6
6
6 10 62
6 53
8 25
8
6 8 11
8 61
6 31 62
9
25
6 8 11
8
10 11
8
16
7 10
6
8
8 10 11
8 10 53 54
6 9 10
6 62
8
6 32
6 7
8
8 46
6 10
1
10 62
8
6 7 11 28
6 31
8
2 4 6 64
4 34
6 7 10 25 73 75
8
31
68
6 7
1
6 8
1
8
10 40
6 73
8 14 24 25 32 34
1
6 10
6 10 34
31
6 8 34
6 8 25
5 6 79
79
15
6 11 61
8
6 17
6 9
6 7
5 6 10 34 46
6 22
8
6
7
22
6
3
8
8
8
8 10 25 46
6 10
6 10 54
8 10
6 9
31
14
10 17 95
6
6 25
61
6 8 31
6 25
6 31
6 9 10 53 64
6
8
7 10
62 79
8
6 20
6
10 11 22 74
4 6 8 34
6 10 31
6
8 10
7 8 9
6 15 17 34
6 34
10 22
25
6 7 61
17 53
6
6
6 25
8
6 8
10
6 8 11
6 11
6 8 11 25
6 7
6
6 22
6 34 62
7 62
3 16 30
6
8 79
2 5 10 25 46
8 25
25
6 34
6 7
3 5
7 8
7 8 22 46 54
10
17 34
15
4 6 8 34 46
8
22
8
57
8
10 31
8 31
79
31
8
8
5 6 7 24 25 75
72
5 6 10
50
7 8 57
16
6 22 24 25 31
2 6 9 53
8 10 25 74
8
6
8 79
11
6 34
6 31
6
6 7
10 16 32 74 75
5 10 15
6 8
7 9 46
1
25
6
51
6 8
2 6 7 41
6 8
8
8 30
8 10 73 77 79
6 11
1 11 14
8 32 34 79
6 8 34
10
7 46
6 31 73
8 34
1
17 20 62
2 25 34
6
8
8 32 34
2 8
10 25
6 22 25 31
2 4 6 22 62
8
8
8
6
6 61
8
8 10 21
8 25
4 17
8 16
8
74
5 8 14 25
8
6 32
5 8
8 9
5 6 25
6 7 10
4 8
6 8 46
6 26
6 53
7 8
10 11
17 22 31
6
8 10 22 31
6 34
10 32 75
7
22
15
6
8
6 34
10 34
6 61
6 7
8 22
6
22
15
11 14
8 15
8 61
4
5 6 10
25
20 25
5 25
4 6
14 25
4 6 61
6 9
1
6
5 6 73 77
6 31
8 10 41
6 75
6 9
1
6 11 25
6 61
6 9
1 8
8 31
6
30
10
1 47
4 34 72
74
72
6 25
6 61
10
10 11
6 8
1
5 32
6 7 9
8 10
4 10
8 34
8 10 11 25 34 53 61 75
2 6 8
8
8 9 11
1
10
4 6
6 9 17 28 46
15
6
9 10
6 25
21
6
15
6 25 31
1
5 6 20 43
6 22
15
6
6 18
2 8 24 57 72
79
6 8
9
6
2 6
6 17 34
6
2 6 7
10
10 31
6 20
6 10 11
8
7 10 21 32
8 34
8 10 11
3 8 31
6
4 6 25 28
6 22
6 9
6
6
6 61
6 8 11 20 31 57
4 8
8
6 50
6 11 17 33 53
6
8 16
7 8
8 9
15
15 62
8 10
6 53
8 22
6 8 31 61 75
79
6 8 9 11 31
6 9 10 32
6 11 17 46
1 4 8
6 25 62
6 17 22 61
25
6 31
1
6 7
6 7
25
6 7
8
4 25
8
2 4 31 61
5 10
11 31
25 34
8 10
6 11
10
6 61
8
1
6
1 4
6 11
6 7
15
6 10 24 25
7
8
10
2 6
6 25
22
6 7 8 32
2 6 7 8 62
8 20
61
6 17 38 74
4 6
2 6 14 17 31 46
15 79
6
1 6 73
8 34
10 62
6 9 22 31
10 11
6
6 41
72
6
2 25
8 11 46 61
8
8
6 8 10 61
8
8
6 50
8
6
10 11 78
8
8
8
6 11
22
15 25
4 6
7 15
6 11 32
10
6
6
15
6
6 8 31 73 77
53
7 53
7 8
6 7 8 10 25
6 8 10 61
8 25 31
7 11
2 3 6 61
15
4
6
8
6
10 25
6
6 25 62
6 7 8 33
6 7
8 25 31
10 28 34
6 8 25
8
6
6 11
8
3 7 8
6 31
5 8 10 11 15 28 31
6 11
6 74 75
6 10
4 6 17 28 31 74
8 11 17
8
6 32
11
6
6 11 31
31
8 53
7 10 15
2
15
6 7 10
8
8 62
6
6
8 10 16
8 22 25
6 17 22
16
6
6 22
15 25
6 13
5 6
6
6 25 31
4 6 11 77
6 10 22 77
6 38 61
6 17 25 28
2
8
5
6
20 62
8 10
6 17 32
6 8
9
2
6 7
6 9 25
15 25
20 46
11
15
17 28 31
6 11 17 42 48
7
28 31
6 22 34
6
8
8 10 34
4 6 17 62
21
6 31
6 8 24 25
10 25
8 32 54
2 25 32
4 8 74
10 22 31
51
8
8
6
6
4 79
14 28 46 62
6 9 10 11
6 46
7 8 11
10 11
2 6 34
8 31
8
6 8
79
6 8
6
6
4 25 79
4 10 25
6 34
6
10 11
25
6 10 25 31
6 8 9 40
1 10
3 4 16
6 10 11
21
8 9 10
82
4 8
2 6 7 17 59
6
10 31
5 6
6 62 75
2 5 6 61
7 62
6 8 62
6
10 25 62
9 10 17 64
25 54
6 62
15
3
6 25
1 5 34
6
6 79
6 11 25 34
31
6
15
6
2 10
8 10 34 41
6 15 34
8
8 62
4 5
6
7
6 8 10
6
1
6 34
6 8 10
2 4 6 25
6 10
6 62
6
6 21 31 34
6 22 31
6 33
6 74
8
2 8
6
25
6 31
11 14
8
8
6 7
6 7 74
2 6 64
6
6
73
59
6
6
6
8
1
2 6 8 9
2 6 7 8
1 8
4 6 32
6 75
7 15
4 8 17 31 32
5 6 8
8
62
6 11 46
6 8
8
15
11
8
72
6
6
3 8 73 75
6
6
6 8
1 3 8
6
6
6
8
8 61
8
8 34
2 28 32
8
8
8
8
8
6 8
7 8
6 74 77
6 25
6
6
6 17 61 75
28
8 10
6
6 17 21 22 24
6 7 9
11
8
6 25
6
6
8
6 10 11 12 26
8 25 54
5 10 17
6 10 31
3
6
2 7 61
21 22
10 21
88
6 34
6 25
25
6
6 25
6 7 8
2 6 7
8
6 16
8
6 62
6 25
7 8
6 7
3 6 16
6 10 11 20
6 11 17 22 25
6 9
10 31
28
6 8 20
15
6 7 8
2 4 6
6 9
6 8 9 14
6
8
62
6 10 25
8
9 10 22 34
10 34
15
6 8 17 25
6 11
7 9
6 8 31
6 8 9 30
8 11
8 61
6 10
8
8
2 10 25
6
15
8 15 30
7 31
8 11
8
6 74
6 9 17 28
8
4 6
6 34 62
6
8
2 4 6 8 34 82
4 15 20
6
6 73 74
8
6
5
9
7 8 9
7 34
6
4 6 8 61
5 6
9
6 7 82
6 8 9 15
6
6 7 8 11 75
6 8
15
8
6
6 7 8
5 8 46 54 57
1
74
8
62
9
6 8 10 32 34
5
8 10 11
8 9 11
61
6 8
6 8 22 25 31
1 8 11
8
4
6
72
8
8
6 14 20
6
10 11
3 25
6 8 76
32 62
6
6 8
6 32
9
11
6 8 11
6 16
2 6 25
15
5
8 31 54
6
6
8
8
6 8 25
72
8
6 11 17 25 61 62
5 6
6 62
1
8 16
10 82
6 34 64
6
6
6 74
2
8
6 11 73
22
6
4 6 10 25 62
6 32
31
8 11 14 28 31
9 35
31 62
2 6 11 25 61 77 92
6 9
7 11 25 28
6
8
6
1
8
6
32
4 6 8
10 31
6 8 22
6 32
3 11 20
6 8 61
6 61
6 8
4 6 8 62
6 11 16 31
2
8
6 22
6 59
4 8 53
10
8
15
6 25 62
8
6 8 31
10 41
8
32
6 10 22
8
6 31
7
8 9 10
8
15 22 28
1
6
8 9 17 25 46 53
7
72
5 6 25
80
6 25 34
6 8
6 8 10 11 54 73
10 59
8 10 34
6 10 11
57
8
8
8 9 10
5 8 50
2 10 31
6 75
8
8
6 8 25 79
8
8 62
8 95
46 74
6 61
3 10
6 8 11
8
6 25
6 7 25
11
6 8 25
6 8
2
6 28 31
8 53
6 10 17 53 74
8 61
6 21 31
4 31
25
25
6
3 22 23 34
6 9
6 10 31
4 8 11 32
6 10 11 17 22
4 7 53
10 14 74
10 74
6 25
15
10
6 31
7 8
8 25
6 31
8
10 25 59
15
8
11 31 32
6 31 34
6
28
4 8 28
6 74
6
16 30 70
8
8
8 11 17
6
6 10
3 6 34
6
8 25
8
5
6 11
10
8
5 7 9
7 18
11
10
6 7 34
5 10 17 69
10 11
6 32
32
6 11
7 8
15
5 17
3 5 8 17 18
6 15
10
8
8 16
10
8
6
6
6 7 8 38 61
15
10 22 30
8 62
6 8 25
6 11 17 61 75
8
9
6
7
16
16
15
4 6
3 6 16 25
6 8
6 7 11
6
6
9 32 34
8 79
6 25 31
6 9 32
25 30
8
6 31
34
6
8 10
6 25
10 74
6 31
8
6
11 28
4 6 8
15
6 31
6
6 10 41
6 8 32
6 25
1 9 32
8
4 6 7 10 14 17 28 32 54 85
2 9 25 32 46
6 11
8 11 25
1
2 6 8 25
6 10
10 17 25
3
6
8 9
10
10
10 21
7 8
7 8 62
6 7
6
6 11
2 7 8
6 8 21 31
8 11
6 9
5
8
6
6
6 8
6 25
6
6
20
8
6 34
6 59
6 22 31
2 6 25 53 64
6
6 9
4 6 41
8
6 7
79
3 8 12
6 14 22 28 31
6
6
6 57
1 2 5 8
8 62
83
6 31
6 16
80
2 5 6 11
8
1 6 8 9
8
10 11
8
10 11 72 89
1 5
9 10 22 31
6 34
7 25
10 17 25 62
6 38
6 32
6
8
6 8 10 31
6 10 28
79
6 11 25
8 16 30
5 8
6 34
2 6 25
6 8
6
6 31
2 6 8 10 11 53 54 62
8 32
4 8 15
6 7
82
6
31
6 11
34 62
8 9 15
2 11 17 31 42 61
6 15
1
5 11 16 29 50
6 8 10 20 41
8
6 8 32
7 8
25 54
6 34
4 6 7 17
2 6 8 62
15 16 31
6
6
6
6 10 31
6 8
6 31
6 31
6
6 7
7 11
6 8
6 64
8
6 8
8
8 9
4 10 22
8
8
6 8
6 17 46 54 75
7 8
6 11 31
6 7 9 10
6 75
5 6 8
7 8 12 29
6 25 62
10 34
8 31
8
6
8
10
10 21
6 25
81
6 8 61
5 8 25
2
1 7 79
2 8 10 25
32 79
3
6 7
10 31
6 61
10 31
6 10 62
6
6 7
6 31
6
6
4 6 25 34
1 15
8 22
6 7
8
3
6
6 34
25 28
8
3 6 8 9
22
28 31
11
10 56
6 8 32 53
8
6 7
6 9
6 25
10 25 28
7 10
1
1
8
2 22 62
9 10 17 62
8 22
6
6 8
8
6 8 25
6 31 59
6 10 17 25
2 6 11 17 21
6
6 8 64
2
6 7
6 7
8
6 8 17 20 24 34 62
6
68
8
6 11 15 17
79
6 25
6 8 62
6 14 17 31 73 87
33
8
25
8
8 10
11 14 73
6 8
8
9 17 28 31
6
6 22
17
6
10
6 7 8
6 11
6 11 28
6
6 11
6 7
6
11 33
5 6
1
10
81 83
7 8 17 34 62
6 8 9 10 18
8 14 46 62 75
10 11
15
8 34
4 6 7 9
5 10
9
6 61
8
6 10 11
6 8 25
25
2 4 8
6 64
4 54
6 75
6 20 34
6 14 22
15
8 53
21
8
1
9 11
8 24
1 8 32
31
8 10
8 25 79
7 8
6
8 32
6 8 17 25 73 75 77
15 79
6 61
8
6 11
6
8
2 10 32
5 6 10 16
6 11 77
11
6 7
4 6 8 17
10
1 15
46 74
16 62
8 10 61
6
79
8
4 6 8 14 20
8 75
8
10
6 25 46 75
6 10 25 32
2 6 21 34
15
4 6 25
6 28 31 46
13
2 3 4
6 10 61
9 15
82
2 11 31
8
6 7
10
8
10 11 61
6 8
8
6 31 61
6 8
6
5 6
9
6 21 25
2 34
4 6 17 30 32
2 4 8 10 53
6
6
6 25 64
8
8 25
15
8 16
6
5 6 14 50
6
8 41
8 10
10 25
7
3 8
6
57
6 9 62
16
6 34
6 25 54
11 28 46
6 10
2 87
22
5 6 28 31
6 8 25
6
2 6 8 62
2 6 8
4 6 8 17
8 10 12 31
6
8 31
6
53
8 10 62
8
7
8 9
8 31
17 25 28 31 54
1
6 7 10 11
8 17 32
6 10 22 25
6
6 7
6 7 11
6
8 10
4 8
8 31
4 6
8
6 11 61
8 10
2 8 11 31
8
10
6 8 10 31 34
15
6 10 22
8
6
6
6 8 10
5
6 25
5 8
6 24 41
6 74
7 8
6 11 17 75
6 9
25 53 62
8
6 31
1 15
31 46
6
8
8
28
6 34
6 9
6
2 4 6
8 10 19
6
6 16
6 8 25
2 5 10
2 10 17 28 85
6 25 32
6
6 8
4 6
6 41
2
6 8 25
11
4 6 8 25
32
10 25 34
6 8
25 31 46
9
3
6 11
1
8
8 10
15 30
6 8
6 11
6 34
1 16
6 10 61
6 9
8
89
16
6
8
15
6
5 34
6
8 11
6
6 10
6 8 10
10 17
6 24 32
6 62
6 17 31 61 79
8
6 25
6 22 31 32
5
8 10
6 7
73
10 11
2 6 11 12
6 8
8 25
8 21
6 7 17
8
4 6 8
6 16
6 8
8 25
8 9 10 32
6 25
6 8 9
1
15
6 8 11
6 8 11 25
6
6 31
6 21
6 9 16
6 22
6 61
6 8 12
6 17 31 74 75
7 8 9
4
7 8
6 8 75
6
2 6 7 9
8
8
6
79
10
6 11
2 8
6
2 4
8 9 11
5 6
2
28 31
10
1
10 21 22
6 7
11
5 6 10 25
10
8
8
4 31
2 6 11 25 34 77
6 25 32
4 5 6 11 17 25 34 42 65 70
25
8 9
8
6 22 25
79
6
6 7 11
6
8
6 10 34 61
6 17 61
6 61
5 6 10 31
8 41
1 8
6 15
8
1
6
6 62
6
2 6 7
6
25
1
8
10 75
8 10 16 34 57
8
6 8 11 61
6 7
1 6 22
6 8 46
6 8
8
6 8 9
8
2 5 8 25 53
8
6 7 8
2 6
6 8
7
8
6
6 8 10 25 53
6 25 62
15 25
6 7 10 61
8
6 38
6 8
6
5 6 7 32
6
6 10 46
6
8 33
6 8
6 31
6 9 31
7
6 7 32
8
6 9
7
8
17 28 74
15
8
6 10 54
6 8
6
74 75
16
8
6 7 8 11
11
7 8
17 31 46 75
6 9
3 7 8
10 17 25 53
6
6 8 11
8
8
2 6 7 9 57 61
8 53
8
14 31
6 62
3
8
9 15
4 6 10
8
15
2 11
10
6 8 61
6
1 25 62
6
8 10 31 74
6 10
6 31
8 11 14
6 11
15
80
2 46
6 7
6 8
6 8
6
8
2 10 32
8
10 32
6
6 62
34
6
6 7 10
8
6 22 31 74
6
9 30 62
8
10
5 6 15 34
6 11 61
6
6
8 33
8
6 25 31
6
6
4 8
6 31
6
6 8 10
4 10 34
6 8
8
10 11
8
11
8
5
6
6 10 28 61 75
6
2 8 31 85
17
6 8 41
6 7 22
6 8
8
6 9 46
79
4 8 31 34
2
6 25
10 41
21
6 22 72
10 54
6 14 17 22
8
6 8
10
6 20 62
6 22 31 46
8
25 46 75
34
9 63
5
7 10
34
22
2
34
72
16
61
8
8
10 11 17 31 75
8 10
6 61 95
14
25
25
8 34
31
8
15
6 10
6 8 9
6 10 11 61
6 38
2 4 10 25
1
6 11 28 61
5 6
6 25
6 61
22
22 28
6 62
6
4 6
4 6 62
6 8
79
6
8
6 22 40
6
6 57
6
6
6 7 8
8
8
8 9
6 8
6 21
81
6
6 11
6 7 25
10 31
6 7
6 10
6 8 32 34
4 10
8 25
5 25
6 10 21 25 26
6 41
6
2 4 5 17
6
6 32
6
6
6
10 53 62
7
2 6 8
6 25
10 11
15
30
6 7 11
6 7 8
28 31
14
5 17 25
7 8
8
6
31
6 8
6
6 9 61
6
1 32
10 34
6 11 75
6
8
6 7 8
7 8 25
11
6 10 25
6 8
8
28
6 31 73
8
6 7 8
11
4 6 9
6 8 31
10 11
61
8
8 22 31 46
8
4 6 10 22 25 31
4 25
4 8
9
2 6 8
6 10 31 61
10 25
6 74
6 8 11 31 42
8
4 5 8
6 7 25
6 11 17 28 31
8
8 9
6 9 62
10
6 8 41
6 31 34
10 25
15 62
6 8
1 8 53
6 22
10 20
10 61
5 6
8
8
8
8 31
15
6 8
62
6 8 54
22 46
6 31
6 25 62
28 31
16 31
6
2 6 25
6 10
6 28 34
6
5 7 8 10
17 34
2 8
6
8
10 74
8
82 89
6 61
10 31
7
6 54 73
8
8
8
6 75
6 11
22 46 57
6 31
8 9
3 6 8 25
4 6 9
6 8
4 6 17
6 25
3 7 8 15
4 6
7 8 31
6 25
74
8
8 11
6
6
10
6 11 31
6
6 25
6 8
8
6
8
6 57
8 30
6 8 11
24 31
79
1
6 8 11 15
8
6 7 9 12
6 22 25
6 15
8
1
35
2 6 8 21
10
8
8 31
6 25
9
6 17 25 62
8
8
6 31
5 10 54 61
2 10
6 11
8 10 25 60
9
6
6 9
8 15 34 54
8
74
6 11 17 28
6
6 31
8
6 7 8
8 9 10
6 8
11
6
5
6
3 6 25 46
6 25
5 6
2 6 25
6 22
7 8
8 34
8 61
14 31
2 6 9 24 34
6 22
8
16
6 11
15
6 8 9 10 34
6 7 11
5 17 22 25
8
7 8
6 7 17
4 6 17
10 32 61
8 61
8
25
8
6 32 34 46
6 8
10 25
4 6 8 25
8
6 16 34
8
10 74
6
10 22
6
11 28
7 8
4 14
5 15
6 8
15
2 6 7 9 10 15 25
4 8
8
6 7 9 61
6 32 62
24
34
79
8
6
6 8 41
2 7 9
6 8
6 73
31
8
31 34
6 8 62
8
6 25
6
9
34
6
6
6
4 6 10 14 32
31
16
10
10 25
10 11 17
6 8
5 9 31 53
28
6 8 41
31
6 8 10 30
25
6
1
8
10
6 8 61
11 31
6 9
3 6 11 17
4 6 11
6
6 9 10 25
6 15
6 31
6 61
6 8
3 8 62
8
8
4 6
15
6 20 24
6 10 62
8
10 25 32
16
8 9 15
8 31
3
31
6
8
4 6 25
6
6 8
8
8
6 8 31
4 6 25
4 6 17 25
6
3 10
6 11 46
21 28
6 7 10
6
6 8
6 25 64
8
10 11
5 15
6
3 10 11 16 17 18
14 17 22
8
6 34 46
8 79
6 54
1 8
6 20
8
1
6 8 31 32
1
4 6 7
31 46
4 10
4 31 61 64
22
6 8 31 62
11
2 6 17 25
9 32 35
6 8
8
8 25 53
25
6
8
22
6
6 9 10 17 34
2 6 8
8
10 31 62
8
8
6 8
31 32
1
8
11
6 7
8 10
6 8 14 31
4 9 10 17 18
8 15
6
6
32
6 41
28
6 25
6 9 10
6 17 25
6
7 8
3 8
15
4
6 8 31
6 11 14 17 22 31
6 8
8 21
11 17
8 15
2
6 8
4 6 10 34 54
6 10 46
6 9 57
8
1
6 62
1
6 8 11
1
2 15
1
6
5
6
8
6
2 4 6 11 25 75 78
6 21 25 31
8
6
8 10 25 61
8
6 11 17
6 10
6
1 6 7
8
2 6 14
6 34 42
8
6
31
6 62
5 6 21
6 9
6 8 10 25
8 34
6 8
2 4 6 11
6
8 34
6
25 28
8
22 28
6
6 61
8
7 8 11 57
6 10
6 11 61
25
8
4 5
10 32
8
8
8
61
2 8 34
8
74
1 5
6 8
8
8 34
6 11
8 12
10 25 62
16
80
8
2 6
7 8
15
6 10 17
8
6 8
6 7
4 6 17 25
2
6 15
6
8
2 6
8 62
3 16
8
8
6
5 6
6 7 25
50
6 7
6 10 25
4 10 17
6 73 77
6 11
6 7 8
11
6
6 25
5 6 8 25
6
72
11
8
8
1 6 14 22
8
9
6 54
5 6 9
1 5 7
15
7 8
6
8
7 62
6 17 25
6 8 9 32
8
8
8
8 25
6 11 31 42 46
6 10 85
6
6 9
6 7 22 31
8 9
7 8 10 25 34 61
6
8 88
8
30
2 6 25
6
6 8 11 14 17 31
1
4 6
1
5 6 22 25
1 62
8
25
6 9 14 34 54
4 7 8 10
5 6 32
1 5 6 8 9
8
6 9 10 25 62
6 11
8
15
1 15
6 25
6
8 25 75
8
1 5 6 21
8 16 46
5 6 25 61
5 6
6 59
2 6 25
25 57
1 6 25 46
5
6 74
2 4 6
1 8
6
4 17 18 29
6 32
8
6
2 6 15
4 6 10 31
6 11
6 25
6 22
6 9 11 17 31 46 62
8
6 11
6 8 22
6 8 31
6 7 8 11
2 6 7 10 32 54
8
17
6
8 25
7
1 6 10 20 27
8 46
8 10 57
8
8 34
6
6 7 8 75
15
6 61
2 4 7 10 25
9
6 14 25 31
5 10
4 10 74 75
8 62
5 10
6 7 15 32
8
6
4 6 10
6
6 7 31
11
8 10 20 62
8
1
25
8 22 32
10
8
6
8 31 74
31 75
12
2 6 8 61
4 6
2 6 54
5 8 34
4 8 10
6
6
10 25 34
6 10 11
6
8
6 8 21 22
15
6 8 22
8 54
6
2 10 31 61
6 8
6 8
6
31
4 6 9
10 12 17 25
15
4 8 25
6
25 62
17 31
15
6 7
4 6
6 7 8 9
6
6 8 25
10 11 34
15 79
6
6
6 22 25
6 10
6 9 25
4 79
8 32
6
5
9 16
5 7 30
15
8
15
28
4 7 10
6
6
6 10 11
6
25 53
6 25
25
6 54
10 11
2 6 11 31
25
6 8 9 41
2 5
25
8
8
6 8 31
8
6 75
8 11
8
2 25
6 7
8
4 6 25
8
6
4 6 11 25 75
8
6 61
15
31 46 67
4 6
1 2 6 7 8
6 7 8 41
6 8 31 46
6 8 10 11 62
6 7 8
11 17
8
8 14
10 17 31 74
6 61
6 25
2 6
10 25
2 79
2 4 6 62
8 11 31
6 8 17 25 31 60
3
6 10 17
4 8
6 9
25 46
6 8 24 31 53 54
6 7 10 11
6
10 22
6 8 25 54
8
15
15
6 7
10 31
6 20 22
6 7 8 9
6
6 8 11
6 8
34
6 21
6 8
10 11 14 17 22 73
6 10 14
6
14 22 74
31 46
7 9
15
8
22
22 32 46
6
7 34
4 6
8
6
7 8 9
6 66
6 25
6 7
6 11 17
2 11
6
2 5
1 9
2 6 17 25
7
3
8 17 62
10 11
6 7 34
4 8
8
11 25
8
6 8
8 9
10
6 12 32
8
6 25
6
6 8 54
4 6
8
7 9 32
6 61 73
6 10 25
6 34
6
31 62
8
9 25
6 7
6 7 10
4 8
6 9
6 34
6 11
8
10 25
6 31 34
6 25
6 10
6
6 21
2 6 7
6
4 15
6
8
6 8 53
8
2 6 14 25 54
6 8
4
6
8
8
6
8 34
4 10
6
8 33
22
8
25
31
12 21
4 6 8 25
8 9 11 15
6
6
75 79
2 8 25
2 4 6 8 11 21 62
6 59
8 10
11 14
6 10 25
8
5 25 62
6 17
25
6 10 41
5
6 7 8 10 11
8 9
6 21
6 10
16
1
6 8
8 17 28 31
6 20
8
6 11
6 9 11
8
8
28 73 75
2 6
6
6 11
15
6
6
1 25
6 7
6 8 87
8
6 46 53
6 31 34
6 73
1 6
6
6
8 46
6 20 61
6 7
6 8
6 8
6 25
6 25
6
6 25
10 11
10 64
6 14 61 64
6 7 9
6 31
6
6 11 77
7 8
8 9
6
8 17
2 6 64
25
8 25 53
6 9
8
5 6
1 8
17 21
7 20 64
10 75
34
8
6 10 15 34
15
8
6 9
6 11
4 8 16
8
68
8
10 31
6 10 25 32
1
6 9
8
25 53
4 6
4 8 25
10 11
8
8 14
62
6
8 25
6
6 75 79
7 34
6 9 11 61
6
22 25 73
15
6 8 25 32
25
6
6 10 25 28
8
6
5
8 79
6
8 11 13
6 9 17 32 46 79
4 25
4 25
21 32 46
6 54
5 6 10 31
4 6 17 32 34
1 6 32
6 7
72
2 4 6 8
11
6
5 6 17 53
9
72
15
3
6 7
6 9 59
7 8 10 46
8
8
6 8 21
6
6 15 22 61 73 75
6 10
6 7 8 46
8
6 8 17 25
6 61
10 34
6
8
8 15
6 8
8 10 57 75
7 8
2 10
6 31
1 33
2
10
5 10
2 4 54
6 8 41
6
8
6 8 61
8
10 28
10
6 7 10
8 10 25 31
1
6 8 25
6 7 8
6 7
6 10 25 62
8
80
5 17 34
6 8 14 28 34
8
6 53
6 75 78
6 26
81
8
2 6
6 25 31
6 11 31
11 46
6
15
1 6 25
1
6
1 39
6
2 8 62
8
6 25
6 10 31
6 22
6
7 46 59
8
6
2 16
81 83 84
6 24 31 34
7 8
6
10 22 59
8
6 11
6 7
8 75
21
3
1
16
6 17 61
8
80
8 32
4 5 6
2 6 15
8 62
6 8
6 64
6 8 10
8
5 6 8 22
8
6 7 17 28 31 46
6 10 22 25
25 34
79
6 10 25
2 6 25
6 8 53
1 6 15 25 61
54
6
6 9 79
10 11 22 31
6 41
6 31 73 77
11 46 72 75 77 78
11
10 22
54
2 5 10
4 8
34
8
6 17 54 90
8 9
6
8 64
1
6 9 11 17 25 75
6 8 11 17 31
8
2
6 9 10 25
6 31
6
4 6
6 9
10 11
14 31
8 25
8
6
4 25
2 10
6 8
6
7 8 38
8 30
2 29 90
8
6 8
10 25
4 6 10 31
59 79
8
90
15
79
7 8
6
10 11 32
8
6
6 10
8 9
8
4 6 25 29
6 8 10
8 9
4 8
8
6 25
79
8 10 22 74
8
4
6 61
4 8 10
6 8 10
6
6
17 31 32
5 6
6
5 6 11 25
6
25 34
9
11
6
15
62
6 8
6
6 54
8 55
8
6
8 14 21 31
2 6 34
4 6 62
5 11
10 25
1
5 6 7 10
6 64
6 62
6
46
6
8 10 32
5 6
8
72
8 34
6 8
6 9 10 31
72
8 9
8
16
4 6 8 25
31
25
6 41
6 31 32
6
2 6 29
6 11
6 7
6 31
4 6
8
6 17 34 54
8 17 25 61 62
10 31
6 32
7
6 41
8 75
6 8
6 8 9 59 61
4 6 25 53 54
81 83
1
10
8 54
6 41
10 17 28
10 11
6 7 32
31
2 6
8
6 25
6 7
7 14 25
88
2 4 6 25
22
10
6 21 31
8
6
10
6 50
6 31 62
25 53 54 64
8 15 84
6
32
6 10 31 73
6
6 10 31
6
1
25
15
6 83
10 25
73
6 8
6 25
11
6
10 11 24 31
6 8 9
5 10
8
6 8 61
6 7 8 10
8 11
8
14 22
6
4 6
2 6 25
6 9
6 8 11 62 84
2 8 34 62
6 8
6
8
8 9 30
1 4
6 10 62
8 79
6 10 25
7 10
4
8
2 21 23 34
5 6
6 7 9
46 75
6 31
4 6 14 61
6 54
1 6
15
2
15
10
8 10
31
93
6
6 7
8
5 8 20
4 6 17
28
6
31 46
15
10 11 31 46
6 7 61
10 25
6 9 25 28
10 15 21
6 11 46 57
5 8
7 9
10 15 21
93
6 8 79
66
6 25
6
17 25
7 8
7 8
8
6 61
6 62
6 10 22 41
8
34
31
7 25
15
8
79
6 11 14 25 32
2 6 25
6
6
15
31
8 16 32
81
15
6 31
2 31
61
8
6
81
6 9 52
6 8 9 32
8
5 10 32 54
8
7 8
4 6 11 53
15
6
8 24
6 61
6 10
8
6 7
10 25 34
8
2 6 34
8
11 17 74 75
4 8
15
4 6
6 8
8 10 32
6 10
8 10 31
4 15
5 6 11
6
10 25
6 31
6
6 7 25
6 7 9 32
6 10 25
4 15
6
6 8 25
6
8
28
6 7 9
6 25 62
8
2 10 17 61 74
8 61
8
2 6
7
6 11 24
1
8
10 94
6 12 14 17 23
31
6 8 41
32
5 6
2 6 14 32
6 7 8 74
8
2 61
25 54
6 8
6 9
6 11
10
6 17 31 67
6 31
72
15
6 10 11
72
6 8 34
1 8
8 10
3 8 10
6 9
6
8
8
8
1
8
6 8 34
15
2 6 22 34
5
6
6 8
6 7 8 21
6 8 9
6 8 34
6 7
6
8
6 10 25
8
28
6 7 61
8
1 64
8 21 22
8 25
8
3 6
6 59
8 22
1
8 10
10 20
6 9 16
6 10 21
8
25 28 31 67
15
16
8
6 10
11 46
10 42
6
54
8
5 7 8
6 7
5 6
79
2 6 8
6
8
6 31
8 25 53
46
7
4
1
8
5 9 32
8
6 25
6 25
6 32
6 22
6 11 12
10 11 17 31 32 62 75
2
10 60 62
1
22
3
8 16 31 32
6
6
8
6
6 7 8 34
6
32
6 8 17 31 75 84
8
4 6 8
1 8 40
6 75
8 79
8
6 8 22
2
5 6 8 9 25
6
6 17 31
3
2 6 9 25
8
2 7 8
34
6 8 9 10 11
8 79
6 7 8 32
8
10 25 31 74
6 21
6 61
6
8 25 31
15
6
8
16 25
6
2 6 13
2 6
46
6
6
32
6 31
10
1
6 10 11
30 39
5 8 32
6 9 25 61
10 32
34
6 31
8
6 8 25 31 46 53 75
6 31 34 46 75
6 9
8 91
6 8 75
7 32
8
6
10 11 77
2 6
15
34
14 21 22
6 8 10 62
20 22 31
8
6 7
8 75
2
6 10 25 62
8
2 6 7
8
8
3 8
4 6 29
18
8
8
6 10
74
8
6
4 8
8
6 8 10 61
4
6 7
34
25
6
4
6 61
8
6 8
6
6 25
8
4 6 10 18 54
6 10 25 62 71
1
2 6 31 34
22
6 61
8
10
10 31
6 9
6 8 61
6 22 25 31
5 8 10
8 53
4 6 17
4 6 17 25
4 6 9 17 32
5 8
4
6 8 14 21
10 25
31
10 11 34
6 17 75
6 62
4 25
6
15
6 21
7 8
4 6
8
6 61
80
6 8 22 31
6
8 10 11 25 28 34
6 31
8 10 25
6 10 61
6 8
15
6
6
6
74
6 8 9
3 6
11 24 75
11
6
6 10 25
6
8
25
6 7
6 10 25
20 25
10
6
8
10 24
8
66
6 31
6
5 10 17 73
4 6
6 8 9 10 62
6
8 10 11 75
8
15 53
7 8
2 7 10
10
15
6 32
4 6 7 10 38 57 62
6 7 25
6 8
4 6
6 31
6 7 9
6 59 79
6 10 25 79
6 7 8 10 11 25
6
4 5 10 22 75
6 8 25
8 25
8
10 22
6 7 11
10
8 31
6
30
8
6
8
8
8 17 31 73
8
28 73
74
6 9
4 34
6 11
2 10
7 9
5 8
8
6 8
6 10 31
6 9
6
2
1 30
6 9
4 7 10
15 47
28
2 6 9 22 25
6 25
10 31
6 32
2 6 31
6 7
11
5 10 17
17
75
2 6 8
7 11
6 9 10
7
6 25
17
5
6 8 25
8 9 10
6 7
8 69
6
6
79
6 8
1 8
6
6 7
2 4 6 7
25
6
8 25
8 10 11 54
8 31 32 62
5
6 8 15 22
6
25 75
28
6 10
7 10 54 62
6 9
2 25
4 10
10 75
11 28
6 79
6 7 8
8
6
6 10 22 73
5 6
2 8
6 7 8 24
72
6 10 25 31 62
17 53
5 6
6
6 9 10
8
34
8
10 17 25
8 25
6
2 8 10 54
6 8
6 8
6 8 53
6
17 22 34
2 8 32
6 8
8
6
6 9
7 17
5 6
6
2 6 11 25 31
7 8
8 11 61
6 53
6 22
1 32
73
6 62
6 8 25
5
21
8
6 7
4 15
6 22
2 6 25
6 10
8
6
10
8
8
6 15
1 8
8 10 38
6
6
10 61
1 3 8 14 20 73 77
6 8
6 31 46 75
1 6 9
7 8
4 6 9 10
6
4 8 17 25 33
8
6 8
8
6 34 46
8
8
6
10
10 22
6
6 9 10
6 8 11 31 77
5 24
6 69
6 22 25
6 31 74
6 61
8
10 61
6
1 7 32
6 8 31
3
6
7 8
6 10
15
6
6 25
6 10
8 25
66
6 8
8
79
8 25
64
10
6
6 31
6 7 9
5 7 8 15
4 17 42 73
6 9
5 8 15
7 8 11
6 15 32
4 6 8 32
8 22 73
4 6 8 17
6 8 22 74
6 7
6
8
6 7
6 41
10 20 46
8
8
4 6
6 25 32
2 61
5 6 11 12 17
5
32 46
22
6 7 9 10
8
6 11
14
6
1 7 17
6 10 31
9
8 34 62
6 9
2 8 9 61
6
2 6 9 11
1 6 7 15
8
28 73
6 10 17
5 10 12
1
6 12
4 8
8 11
8
11
6 11
6 15 41
10 11 75
6
2 6 7 25
6 31 62
35
8
2 4 6 11 31 65 67
6 54
6 10 57 62
7 8
6 20
8
25
10 74
8 15
6
8
79
6
6
8
6
8
4 8
6 8
8
8
10
6 32
6 8
6 8
4 5 7
7 9
6 10 62
6 41
6 61
5
8 22
5
4 8
4 6
6
8
6
10 61
8
6 25
25
25
6 62
10
6 8
6 61
10
31
1
3 6 22
6
2 4 8
6
12
8
8 9 34 46
6
6
6 8 34
6 8 34
6 8 11 61
8
6 61
6 7
6 32
8
3 8 15
6 7
6 11 25
9
8 25 28 31
6 10 25 36 95
6 31 53
9 10
6 25
6
4 6
4 10
11
8 10 11 21 41
6 62
6 34
2
6 8 32
8
6 61 73 77
6
6
72
8
4 6 17 25
8 10 11
3 8 16 17
4
11
8
6 8 31
6 15
5 6
1
6 62
6 32
5 6
10
6 11 77
22
7 8
8
4 8
6
8
6 8 46 74
15
2 8 25
6
8
6
5 6 61
4 8 10 17 31
6 62
8
6 8
6 26
6 25 31 73
6 7
4 6 7
8
6 8
8 61
8
79
6
2 10
6
6
6
6 8
62
8
6 17 25
8 63
25 57
8 32 62
8
6 10 25
6 31
3 8
15
10 11
8 11
1
8
8 15
6 9 10
8
6 7
8 31
6 61
2 25
6
4 6 10 22 25 31
8
8 62
8
1
8
8 10
4 6
6 9
8
8
8
7 8 9
2 4 7
6 8 31 32 73
6 11 61
6
11
7
6
28
8
6 8 11
14
6 8 54
11 28 34 46 75 77
2 10 17 25 32 42 57 75
7 10 32
46 61
10 31
31
6 11
7 35
6 11 32 42 73 79
8
6
6 62
6
6 25
8 10 54 57
6 53
8
6 28 61 62
6 25
10 32
34
6 11 25 57 74
6 7 64
2 7 8
2 8 62
4 6 17 53
6
6 34
6
6
17 79
9 10
8
6
9
8 11
14 46
6 8 9
6 8
6 17 61
2 4 6 62
16
3 7 16
25
7 8 9 11
8
2 59 61 74
8 73
6 32
11
6
8
6 74
24 31
6 31 79
6 22
6 11
10 31
3
3
7 10
5 6 7 10
6
6 8 9 31 54
2 4 6 21 31
8
6 9 11
8
1
10
8
4 6 17 25 62
6 11
8
10 21
72
7 8
8 22
10 22 25
8 10
79
8
8 75
16
6 86
8 31
2 8 25
6 8 61
34
6 75
2 6 7 25
6 11
1 6 8 46
10 22 75
6 22
8 9
10 11
6 10
6
6 61
6 31
4 6 8
6 8
6
6 8 10 20
6 8
4
2 6 8 11 17 46 67
10 62
8
8
8
5 6 11 17 61
4 6 8
6 8
6 59
6 31
6 61
11
8
6
10 15 24 25 74 75
2 5 6 32 34
8 10 25
6 22
2 6 8 10 32
8 32
6 7 8
1 6 10 15 61
7
6 9
6
53 64
3 4 6 8 10 41
2 11
6
6
1
6 31 61
6
8
8
4 6 8 17 20 46 67
14 31
6 61
6
22 73
8 33
8
15
6 62
6
6 11 15 57
6 7 10 62
6 11
6 8
2 6 25
34
6 10
2
6
6
2 5 8 32
31
6 22
4 6 10 34
28 34
10 22 31 32
6
6 11
1
10 22
6 31
6 10
6
4 6 25
2 8 10 16 25 33
8 32
6 31
6
5 25
8 31
10
6 8
6
16
6 21
10
6 7 33
8
8 31
2 6 10 11 31 32
6 10 75
8
6 9
6 54
4 6 9 10
8
6 7 25
8
8
14 28 31 61
16
6 7
6 8
10 28
7 8
6 11 12 23 28
8
7
6 8 9
6
8 11 62
2 4 6 8 17 85
8
6
4 8
6 25
6 8 31
8
6
10 31 61
6
6 10 54 62
15
10 25 62
9
10
9
6
7 34
6 8
6 61
10 34 61
4
8
1 7
6
31
3 4 8
8 25 34
6 25
5 6
6 8 31
4 6 11
4 6 14
79
31
8 21
25
8 9 15 33
6 75
6
6 7 8
17 74
2 79
1
6 34
73
6 8 31
15
6
6 46 75
3 6
9 34
8
2 5 6 8 34
8 17 67
4 6 8
4 6 7
8
6 25
6 7
6 7 8
34
8 11
6 7
6 8 10 31
6
6 8
16
6 8
6 8
8
10 28
15
5 8 21 31 34
8 53
15
6 26
1
6 11
6 9
6 8 62
6 10
17 46
9
6
4 6 9
6
2 6 25
6
6 8 11 62 75
3 16
1 8
8
7 8
6 62
8 9
6 25
6
30
10
10 31
6 10
1 8
8
6
8
8
6 8
6
2 5 6
28 31
6 10
8
7 8
6 8
8
6 16 31 74
2 6 8 25
2 6 8 9 16 32 61
4 10 61
8 32 62
8
6 22 31
6 8
6 61
6
6 8
6 8
14 15 22
6 64
2 6
8
8 10 34
6 9
8 11 12
8 64
6
6 61
6 7
8 31
6 10 61
6 7
8
6 9
25
6
6 8
6
6
8
6
10 11 31
6
1 8
4 8 17 25
16
6 8 9
8 10
6 7
8 9
6 61
6
14
1 6 9
6 53
2 8 10 64
5 8 10 25 62
6
2 8 25 53
8 10 14 31
6
6 21 22
6 25
25
16
6 11
6 8 10 32
6 7 10 61
10
6 34
6 7 34
10 57
25
6 7
8
6 10
8 10 11 31 62
4 8 25
8
8 34
6 61
15
7
6 61
3 6 8 10 16
1 33
3 6
6 10 32
6
5 14
2
15
7 32
1 8
8 64
6
4 6
8
6 7
6 25
25
6 11 17
6 10 17 75
7 8
8
6
6 7
8
8
8
6 32
6 8
6
6 8 17
6
6 8
6 41
6 22 75
6 8
15
6 11 34
10 26
8
10 31
15
34
6
8 10 31 73
6 8 10 62
7
6
8
28
6 40
6
6 46 54
8
6
6 11
8
3
8
6 8
25 79
2 8 10 32 34
22
6
10 11
8
2 8 9
6
8 14 21 46 62
8
2 6 7 8
8 25
6
6 57
6
6
6 10 11
80 81 83
6 9
2
6 7 22 74
5 6
9 10
6 54
10 25
8
6 8 10 54 74
6 7 8 9
8
5 6 8 25
6 8 9
8
34
6 54
15
6
8
90
61
2 10 62
6 9
6
4 6 8
6 32
6 62
10
28
31
8 11
8
6 8
2 4 11
34
6
6 8 10
6 7
6 8 11
8
28 68
7 8
2 8 11 32
4 6 9 10 15
4 15
8
4 8 16
10 73 75
6 17 25 64
79
4 15
6 11
4
10 25
4 6 8 9 30
6
6
6
7 8
6 10 20 21
8
2 6
10 31
2 6
6
6
1 8
8
2 8
14
6
10 22
5
6 79
6 17
6 10 11
4
8
8
2 6 61
6
6 61
3
8 10 62
6 8
6 31
8
6 17 75
15 25
8 14
4 8 54 61
86
8 17 32 46 95
6 7 8 25
4 6 8 34
11
5 6 10
2 6 25
9
6 8 11 77
6 8 41
6 25
8
25
4
2 25 28
6 25
6 10 30
5 6 10 25
6 7
6 15 54 61
6 10 25 73 77
6 61
2 8 81
6 61
6 25
7 25
8
15
6 61
4 6
6 32
4 6
6 10 25
86 93
28 95
2 6 7 9 11 15
6 54
6 8
4 6 31
6 17
15
10 11
1 15
6
4 6
10 31
8 11 31
7 10
8
8 10 11
3 8 15 16
1
8 9
5 6 20
6 10
8
11
6
6 25
72
6 10
2 4 6 8 10
8
1
6
6 11 12 14
8 15 46
7
2 6 25
6 7
82
6 61
6
6 9
6
28 31
7 32
6 62
10 11 25
2 6
6
6 8
25
6 7
6 61
6
6 25
46
45
10
15
6
14 62
8 33
25 32
6
6 10 17 75
6 24 28 31
5 6
17 26
6
6 25
8
6 14 32
10 11
10 25
6 10 11 73 75
4 8
6
21
15
6
2 10 34 46
8
6 17 25 34 62
8
6 53
8
31
6
6 41
6 25
6 10
8
6 22 28 31
8
1
10 31 34 42
4 6 9
10
8 10
6 8 34
16 49
32 34
8
10
6 61
10
6 41
7 8
6 7 17
7 8 11
6 9
8 25
6 25
10 75
34 72
6 62
16 81
4 8
6
8 17 42 61
2 6 25 31
25
5 7 20 62
6 8
79
6
2 6 10 11 31 62
4 6 8 10 11 34 61 74 77 78
8
6
9
4 6
6 10 61
4 6
8
10 22
17
6
8
6 10
6 11
7 8
8
6 9
6 7
6
4 6
10
6 62
6 62
4 5
6 42 74
6
6
2 8 10
6 61
6 20
10 11 59
15
8
6
6 7 31
6 10 25 62
6
8 14 34
6 8 12
61
7 8 10
21 24
6 11
15
4 6
2 25
4 6 12
31 46
4 6 25
74
6
2 6 10 25
11 21
6
6
1 8 46
8 10
31
8 10
6 25
7 8 10
6 8 32
6 31 46
5
6
6 7 9 10
1 5
10
16
15
4 6
2 4 6 32
6 9
15
73
6
1 8 30
8 25
9 10 31
8 32
10 25
9
17
22
7 8 25
5
1 79
6 8 10
3
6 7
4 11
6
6 10 25
6 31
8
2 6
7
10
6 8
6 29 34
28
8
8
6 11 22 31 34 42 62
8
10 73
6
6
6 10 11
6 9
3 8 49
8
5 6 14 17
8 11 17
6 8
6 46
2 8 31
16 31
11 17
9
8
6 10
10 73
6 21
6 8
28
22 31
6 7
15
2
6 7
6 32
2 25
8 28
8
9 25 31 61 74 75
2
6 8
10
6 7 32
17 25 74
6 8 62
6 22 28
8
6 7 9
6 22 59
6 10 25 53
6 31
6 8 38
3
7 8
6
16
8
2 75
1
4 6 7 17
6 8
6
6 9
6 21 22
2 6 8 34
5 7
7 8 11
8 9
6 54
2 6 17 34
2 6 7 8
8 54
6 8 54
8 9
74
3
7 8
8
8 34
1
7 15
6 32
6 8 17 75
10 64
6
6 8
8 61
2 11
10 25 34
8
8 11
6 31 60
10
6 42
6 10 25
6
1 15
8
6
3 6 8
17 25 31
6 25
6 8 32
8 11 64
10
8
6 8 61
8 57 62
6 10
4 10
1 8
8
8 10
8
10 11
6 61
6 25
8
6
6 8 10
6 7
7 8
6 7
2 6 25 31
6
8
6 9
8 79
2 5 6
8 10
5 10
8 11
6 64 79
6 25
6 32 62
2
6
6
8
6 62
6
6
6
6 10 11 61
6
6 8 31 34 87
8
1
6 9
6 61
6 8 17 62
10
8 31
6 9
15
9 10
1 6 7 8 16 38
4 6
3 8
6 8 38
7 8 9 15
8
6 25 46 54
10 54
4 6 17 61
2 6
6 8
8
6 9 32 63
6 8 25
6 62
6
4
8
5 8
4 6 8
8
6
2 8
28
2 6 7
8 10 25
6 53
6 8 25
6 32
6
79
79
6 28 95
1 9
15
8 75
6 30
6 11
6
8
8
79
10
6 34
10 46
8 17 25 34
8 54
6
6 8
6 7 8 9
62
8 31
4 9
6 9
10 46 75 88
6 31
10
8
2 10
9 10 53
6 28 31
6
6
6 8 33
11
79
5 10 53
6 8 9
9 10 62
8
5 8
6 8 25
6
6 7
6 10 61
6
8
8 34
6
31
6 10
6 8
6 11 31
6
6 7
6 7 8 9 15
6 34
10 31
6
6
6 17 28 31
8
10 25
3 8 11 24 31
2
68
4
6
8 17
6 8
4 6
9 31
6 22
6 7 62
22 46
6
6
4 6 34 57 75
7 79
8 31 61
8
6 62
6 62
7
54
2 62
4 6 61
6 7 9
8
6
1 8 25
7 8 10 32 34
6 62
8
6 7 8
7
6 8 25
8
53 54
20 46 61
25
6 8 9 11
1 8
28
8
11 61 73 75 79
4 5 8
8
6
8
8
10 62
46
8 10 22 31
74
11
2 34
10 25 61
2 4 6 31
8
9
6 57
15
14
7 10 57
6
7 8
6
25
28
8
8
32
33
6 11
6 7 8
2 4 10
6 11
6 9
6 17 53 54
6 31
6 29 34
6 8 21 25 32
6 32
72
6 8 25
8
6 8 10
32 62 63
8 31
6 7 8 11 73
8 11 18 46
28
6 8
8
6
6 28
6
8
32
7 8
8
6
6
15 34
8 61
1 6
6 7
8
6 22 25
6 11 75
6
28 31
6
6 7 64
8
6 32 46 62
10 54 62
25
25 32 53 54
6 61 62
8
6
6 8 13
6 53
17 61
4 6 17
6 25 34
79
9
6 8 25
6
15
31
6 12
6
6 8
6 10 11 22
9 54
8
6 31
8 25
8
8
6 8 10 21 25 54
6
8
6 8
6 7 8
5 6 31
17 31
8
6
6
62
4 9 10 25
8 22 24 25 31
8
6
8
6 8 54 62
24
6
6 8 16
5 6
4 6
4 8 9 10
8
2 6
8
15
10 11 15
5 8 10
4 6
6 10 74
8 10
6 32
8
6 7 25 46 79
6 8 32
6
5 7 9
82
11 14
2 6 25 62
6 34
6 62
8 31 89
6 11
2 6
8
2 6 7 9
2 6 61
9
6 8
8
6
8
6 17 28 57 74 75
8
8 37
6 22
8
7 8 10 11
16
12
2 6 9
6 11 61
6
28
2 8 11 31
6 10
8
10
8
6 10
8
15
6 22
14 20 21
6 7
1 8
82
6 28 32
79
7 8
15
11
8 61
7 8
8 10
6 8 10
8 31
6
2 6 11 12 34
10 22 25
1 29 34
6 25 62
15
6
28 34 46
15
8
11
6 9
2 7 10 25
8 25 32
8 74
8
6
6
8
5 6
5
3 8 11
6 32
10
6 8
3
5 6 8 79
15
8 11
25 53
6
8
6 20 31
6
25 32
4 10
6 10 28 31 75
10 25
6 8 14 22 28 75
6 10 11 41
6
1 6 8 10 25
15
6 31
6 7
6
6 14 22 31
6 7
3
6 54
6 10
6 11 17 75
8
6 8 11
8
2 4 6 7 34 79
6 8
10
6 9
6 11 74
2 6 7 25
8
6
2
14 17 23 31
8
10 11
8
6 25 54 57 75
1 6 61
6 8 34
6
6 54
15
6 17
7 8
5 25 32
2 6
24 31
6 11
2 5 9 10 11 53
6 28
11
4 8
6
6
15
9
6 8 9 25
8
6 8 10 25
10 46
6
8
7 8
8 62
9
10 16 31 61
6 11 84
6 10 15 34
6
10 34
8 10 17
6
2 6 8 10 32 34
81
6 7 8 61
6 44
1 6 30
17 25
3
6 8 14
2 6 11 31
4 5 6
4 6
6 9
14
6 9
15
8
6 10 54
6 7 9
6 31
6 11
6 11 14 25 31 32
6 12
6
10 34
33 92
7
33
8 10 75 78
22
10 17 32
8
15 69
6
1 8
28 31
6
2 6 8 25 62
10 11
6 9
15
8 41
8 17 25 53
6
8 10
74
11 25 31
6 8 11 74
6 54
8
10 62
5 6 31 54
10
5 8
6 28
28
6
5
6 7
15
6
8
6 10 22 31
6
4 6 8 61 75
6 10 62
8
9
5 6 7 10
6
6 10 11 25
22 25
8
6 8
6 7
8
6 10 11 31
8
6 10 75
8
8
31
8
6 7
6 59
31 46
6
10 11
10 61
10 14 22 25
1 15
6 10 11 57 78
6
6 61
10 11 57
10
5 6 9
8 28
6 25
8 30
6 8 20
8 62 79
6
2 8 25
10
6 7
5
6 8
6 8
4 6 10
8 9 11 16 20 31 32
4 6 11
6 9
10 30 62
7 8
6 9
6 11 46
6 22 75
2 8
7
6 8
8
32
6 9
6 9
25 32
6 7 11
6 11 20 25
8 22
6
8
2 10 11 31
10 62
8
7 54
5 6
8
6 61
1 8
11 25
3 8
6
6
10 11
15
25 64
4 6 15
1 2 6 8 9 11
7 9 15
4 14 25
8 10 11 25 31
15
54
34
6 10 31 74
2 32
6 28 73
8
8
81
6 62
8
8
6 10 11
8
8 25 46
6 11
8
2 6 10
8
6 10
5 6 34
6 8 11 31
31
6
8 30
4 8 32
6 10 11 22
67
8 10
28
34 79
6 11
10 34
10 54
64
6
14 21 32
6 8 15 20
2 34
8
6
6
79
6 8 15
8
6 14 25 64
6
8
4 10 17 34
8 32
9
6 10
5 8
6
6
10 11
5 10 31
72
2
2 17 32 34 64
8 22
6
9 46
2 6 9 25
6 7
17 95
8
6 10
6 25
10 25
10 21
3 8 88
10 25
6
24 75
6
1 6 15 32
6 8 10 32 59
6 8 73 77
8
8
22 24 31
4 6
6
8
6
2 5 6 62
8
15 16 34
6
6 7 17
17 31
6
6 11 22 75
8
8
3 6 7
8
8 22 25 74
2 6 9 11
6 32
8 10 25
10
6 73
6 7 8 10
8
11
1 4 6
6
3 16 69
6
6 10
10 57
8
8
6 7
6
6 25
6 9 10 42
33
25
6 20
6 8 25 84
2 6 8
6 8
8
8
10
10
8 54 74
11
8 32
17 25
6
6
8 11
1 6 72
10 25
6
8 10
8
6 8 32 64
8
6
8
15
5 6 10 53
6 75
6 61
8
2 25
6 34
6
6
2 6 25
6 8 21 42
6 31
5 6 8 16 31 53
6 15
5 6
10
9
2
6 9 10 15 61
8 25
6 8 16 25
10 59
88
6 7
6 31
5 25 32
6 10 25 59
6 9
2 9
8
6
6 8 62
6 62
5 6 9
7 25
2 6 53 64
8 50
6
22
6 8
4 6 8 25
7 20
1
1
8
6 10 25 31 34
4 5 6 10
9
8 11
6 7 11 62
4
6 11 32 46
4
8 33
14 54
5 6 11
8
1 5
2 5 6 8 9 10 11 25 31 38
69
15
8
15
6 8 25
6
6 8 25
7 8
8
2 6 25
6 9 34
6 25
2 16 22 28
6
8
2
22
1
89
22
15
23
10 57
1 5 7
22 31
8 25
6 7
7 8
7 8
6 11 31
8 9 10 17
6 25
8
8
6 8
8
6
22
6 8 59 60
2 4 14 25
6 8
10 20 28 31
6 46
7 8 9 16
6
8
4 8 10 22 46 73
6 9 25 54
4 6 25
6 7
10 25
6 8
6 25
6 8 25
6 62
6 22
10 62
5 6 7 10 25
2 6 7 8
2 6
9
8
8
8
6
15
6 8
6 8 75
8
2
2 6 7 10 17 34
17 74
17 75
1 6 7 31
15
6
6
6 8 46
8 9
8
6 8
6 9 10 31
6 75
6 9
4 6
6 25
6 7
8
10
4 10 17
6
8
4 10
1 79
7 10
8 30
79
8 64
6 31
7 8
8 15 25
16
10 11
6 21 31
6 32
6 34
6 41
8 22 25 31
6
6
2 6 8 25 31
8 22
6 7 8
11 31
6 21 31
4 6 10
8
6
8 9
6 7
8
2 25
8
6 7
1
6
8 10 25
10 25
8 9 11
8
1 32
0
62
6
4 25
10 62
6
8
28 31
11 31
6
6 61
10 22 62
5 25
8 10
8 10
6 10 57
6
2 5 6 11
6 8
6
7 8
6 10 75
16
74
10 11 14 22 28 31
6 7 62
2 6
6
6 62
9 10
6 8
4
1
6 7
6 7
2 4 6
6
6
6 31
6
74
8
6 25
8 62
6
8 32
6
6
7 8 9
6 7
6 7 17 32
6
2 6 7 8
5 6
2 4
10 75
82
10 20
6 8 9
6
2 6 7 8 9
7 8 25 62
6 11 73
6 8 34 59
81
6 8 57 66
6 7
8
6 31
32
6 34
6 8 32
6 11
6 11 22
5 6 46 57
1
8
8 11
9 11 34 46 73 74
6 8 34
8
5 6 8
7 9
9
6 7
6 9 17 67
6 17 62
11
28
15
8 34
8
6 15
6
6 61
8
86
14 17 28 31
10
11 28
6 7 8 61
6 10 75
22 25 62 74
6
8 75
6 10 22
6 69
96
6 8 10 22
6 10 12
8
74
8
6 74
6 25
8 17 31
6 11 57
3 16
10
8
8
8
1
9
6 31
6
6
6 7 10
8
6 7
6 25
6 22
6 11
8 62 79
6
2 10 25
6 7 9
6 11
3 4 8 10 17
5 6
6 25
1 10 11
6 7 8
6 8 25 54
6 10 25
6
4 6 8
8
6
15
8
10
6 12 57
6 25 61
8 24 74
6 11
6 7 8
30
6
19
6 17 87
6 9
4 8
8
6 17 53
4 8
14
62
8 25
6
6 34
8 9 61
2 25
10 25
8 9
6 7 25
8 10
11 46
5 6 9 74 75
4 5 8 31
8
5 6 62
7
6
6
16
2 6 9
10 31
2 5 24 61
8
8
2 6 9 11 32 62 75
6 54 61
8
7 8
8
79
6 10
8
8 46
6 61
6 8 14 61
8
8
8
14 22 34
1 32 35
1 16
6 10 62
8 62
6 61
6 9 61
1
4 6
6 31
8
6
6 16 31
15
6
6
2 34
1 8
6 7
6
2
8
4 6 8 24
4 10
6
6 8 15
6
46
6 8
8
8 11
10 11
10
11 22
4 10
8
62
6 10 34
6 9 10 22 25 62
10 11 15
72
8 17 25 33 74
8
8 11
6
11 14 24 31 46
6
6
6 9 11 15
8 25
6
1
6 9
3
2
4 8
6 8 14 87
4 8 15
8
6 25
8
6 25
8 9
6 8 21 23 30 31
9
8
10
6 7
11
6 10 50 52
10 22
6
6 11 31
7 25 32 62
8
6
11
6 12
7
6 8 9 32
2 6 11
15 59
6 11
31
79
2 4 6 10 17 31 32 61
6 61
6
10
31
15
6 22
31
6
7
4 22 46
8
2 6 9
2 10 31 38 75
8 10 32 59
6 22 28 62
8 10 25 46 53
32
8
17 25 31
6
7
6 10 31
6 9
6 7 9
22
8
6
6 7 8
6
7
8
6
46
8
6
4 6 25
8 17
7 8
6 8
6 17 59
8
2 6 25
8
10
2 34
8
2 31
8
8
2 6
6 62
8
6 8 11 17 75
8
8 36 53
6
6
6
6 8
4
25
8
8 61
6
6 32
7
6 7
2 4 6
6 25 34
8
6 25 74
6
5 7 8
10 11
6 8 22 25 28
6 10
2 8 31
6 31 62
6 11
6 7
6
54
10
8 11
32
15
6
6 34
10 11
10 11
6 74
4 6 8 17
6 25
6 11 31 63
3 6 7 10 12
8
7 8
8 15
79
6 7 8 9
6 8 31
6 57
3 5 25
6 32
6 7 10 25
28
6
53
4 8 25 32
8
10
8
2 6 17 53 85
6
6 11 75
6 7 8
1 8
10 22 46
6
6 25 38 54
5 7
2 6 10 14 25 34
8 11 24 25 31
6
3 6 11 12 16
5 6 7 8 10 11
8
8 25 46 95
31
5 24
6 17
2 8 9 61
4
10
17
6
6 8
8 11 66
8
8
10 61
6
6 54
6
6 11 42 53
16
2 25
7 9
6
79
6 42 75
6 9
8
4 61
10 61 79
4 10 31 62 73
4 8
6 31 73
8
8
4
3
2 7
6 7
31
6 7
6 8 10 25 53
5 8 10 22
25
6 7 8
8
10 17 54
28 31
34
4 6 29 41
4 6 10 66
6
6
5 6 8
6 8
6
10 38 72 89
8
6
6 8
6
6 7
25
6 7 11
79
8
1 8
6 9
6 61
1 8 11
15
8 34
8 16 31
6 10 32
8 53
2 4 6 25
6 8 24 25
1 6
8 20
6 25
4 6
6
15 25
6 62
2 10 24 53
8 31
17 54
6 8 31 46
79
8
6 7
11 14 31 46
4 5 8 17
6 8 11 14 31 32
2 6 32
8
8 17 34 53
6
10 31
6 11
31
7
8
6
7 15
4 6 17 90
2 4 6 9
6 25 64
8
15
25
8 15
31 54
6
6
25
8
6 62
7
31
10 25
28
34
6 25
6 34 79
8 10 20
6 8
6 10 61
82
8
15
8 10 11
8
8 75
6 10 61
2 7
46
32
1 8
5 6 10 25
65
34
2 5 6
8
6 7 8 25 32
6 34
8 74
6
6 8 9 11 25 34 75
6 7
8
12 42
5 11 14 21
5 6
6
8
6 10
79
6 31
6 8
8 25
8 32 53
6 7 8
8
2 5 6 32
4 14 17 23 32
4 11 28
8
6 7
8 10 11 31
2
31
35
6 11 24 75
2 10 19 22
10
4 6 10 11
2 5 6 31
25
6 10 62
7 8 34
8
8 79
4 7 8
2 8
10 31
8
2 5 7 8 11 87
6 7 22 42
2 6 31 42
2 4 8
2 6
1 8
6 8 11 34
4 6 28
8
72
31
6 8 54
9 79
6 7 8 9
8 14
72
6 7 31 46
6
8
10 31 46
10 34
5 6 8
6 9 32
1 7 15 25
5 6
10 11
8
6 25 34
8 22
8 10 17 72
8 64
4 6 11 32
6 25 61
6 9
6 10 25
6 7
6 9
6
6 32
8 75
8
8 22
2 6 8 54
5 6
7 9
4 25
8
6 10 11 31
6 8
8
6 25
5 6 8 24 31
25
6 41
6
6 7
8
6 22 31
7 8 36
8
31
6 10 11
8
5 6
6 8
10 46
3
10
6 7 16 20 46
7
6
83
6
6 17 42 75
8 9
8
6
8
8
8
6
6 8
1
14 31
6 7 9
6
6 9
8
10 11 78
4 8
2
6 8 53
4 6
8
6 11 25 31 38
5 6
8 32
8 11 61
6 61
6 10 11
6 11 22 31 46 78
6 8
11
8 10 32 75
8
10 25
8 11
15
8
1 15
6 10 22 25 31
1
10 74
8 11
15
6 7
7 8
4 8
7
8
6 25
6 10 32
4 17 25
8 34
6 8 59
6
7 8 79
6 25
10
6 11
6
7 62
8 31
24 53
7 8
6 31
6
6 8 11
7 8
6
8 10 11 66
1 6 9 10 25
1 8 9
8
31
10 41
3 6 8
8
6 10
6
28
16
6
5 8 22 29 42
8 34
6
6 32
10 22
2 4 5 8 11 21
69
6 8 11 31
8
6 75
6
8
10 61
8 11
6 11
2 6 25
6 8 25
6 9
7
8
6 10 25
6
6 11
2 4 14 62
28
8
8 10
8
6 10 22 42
6 31
6
32
1 8
8
20
10 31
8 41
1
30
8
6 61
6
22
5 8 17
12 15
25
6 11 25
8 10 11
1
6 9
25 53
5 62
8
3 16
25
6 10
4 6 10
6 8
6 10 25
6 8 17 72
6
6 61
6 11 14
6 61
6 11
2
73
6 20 53
7 8 10
11
5
2 61
5 6 8 17 25 53
10 31 34
5 6 10 17 24 53 59
6 32
8 62
7 32
6 11 31
8 10 22 25 62
15
10 25
6 8
6 9
17
6 34
6 62
6 8
8
8
6 7
4 6 10 25
6 10
28
8
6 11 12
6 9
6
10 22
8 10
79
1
5 6
6 26
8 74
64
3 8
6 7 8
11 14
6 32
6
21 22
6 73
8
2 9
6
6 7 8
10 17
6
22
6 7 8
1
8 75
8
4 10
79
2 6 10
32
5 8
6
6 8
2 7
15
6
6 9 15
8
2 6 25
4
5 6
6 17 32 34 61
6 9 54
3 7 8
6
6 8
6
8 9
8
28
80
6 20
6 8
6 14
5 6 8 9 31
3 8
8
8
6 21 23 24
6
10
6 24 25
15 25
2
2 8
6 9 25
10 61
6 8
6 79
6 25
4
6 42 58
5
6 46 75
8 34
8
6
6 8 25
10 31
8
6 7 17
6 11
6 62
25 85
6 8
6 9
6
4 17 31
1 3 15
8 46
1
7 8
6 9
7 8
8
6
15
6 8 61
6 11 17
25 32 34
6 10 25 32
10 53
8
10
6
79
6
6 31
25
2 6 7 25
6
6
3 6 12 23
6 8
8
6 7
6 25
6 17 31
6 61 75 77
6 11 61
1
6 7
6 7 8
6 8 31
6 10 64
2 5 17
2
6
4 8
6 8 11 24 75
4 6
15
6 50
5 6
6
7 9
16
2 8 10 42
6 34
8
6
6 8 34
25
2 25
93
6 10 25 32 75
8
8 19
6 7
25 79
6 10 32
8 10 25
9
10
4 10 17 32
6
8 10 25 75
22
6 10
6 32
2 10 46
10
3
6 9
6
2 6 9
6 25 32
6 7
6
4 6 10 11 24 25
4 10 22
6 7 10
4 6
2 16
6 8
7 8
6 8
8
8 10 31
6
10 11
2 46 75
1 2 4 6 8
8
3 6 8 9
8
4 8
7 9
6 8 11 12 17
6
10 22
80
6 31
2
6 14 21 31
1
6
6 11 38 77
1 6 8 11 22 34
6 10
6
6
8
6 8
15
6 8
81
6
10 34 76
8 62
4 8 11 54
4 6 7
14
8 25 74
6 8
8
6 17
6 61
6
22
8
2 8
6
6 7
8
8
6
4 6 25
8
10
79
6 10 62
11 14
10 11
2 6 32 33
11 31 74
3 6 11 34
5 6 22 31
62
2 6
6 11 17 24 38
8
6 10 20 22 34
6 9
10
6 32
20
9 10
6 9
6 8 10 53
61
32
6 7 8 62
6 11 12
6 34
4 79
6 25
6
6 8 25
8
8
15
25
6 7 9
6
6 72 75
6 7 8 15
4 6 10 17 32
4 6 53
6
8
6 7 8 20
6 8
6 11
2 9
6
6
54
6 7
8
6 62
8
6 10
6
6 61
6 31
6
62
6 7 9 18
8 31
8 61
6 22
22 34
15
6
46
6
8 32
6 11 17 32 75
7 8 34
15
2 6 10
7 8 46
8
6 8 61
16
6 11
6
8 9 11 57
1
6 17 25 61
6 7
16
2 7 10 62
6 8
25
6
10 17 25
6 79
15
8
6
6 8 31
2
6 10
8
25
6 31
6
8 10
8
6 8 10 14 62
6 11 61 62
6 8 11 61
2 6 8
7
8 10 54
3 6 7 8 9 10 32
1 15
6 9
10 61
6 9
6
8
6 11
4 8 9 10
10 25
4 6 8 14 22 46 62 73
10
8
2
7 10 11 59
1 4
8
6 25
4 8 25
8
8
6 41
7 8 34
4 6 7 10
6
25
25 59
10 22 25
8
31
6 25 31 34
6 8 9 75
8 53
6
8
6 7 34
8
6
8 25
6 24 61
5 8 11 46
8
2 10 25 73
34
79
15
9 10 53
6 92
6 8
11 46
6 7
4 25 46
6 7 8 31
25
8 10 17 22 25
11 32
10 11
15
8
8
8
5 6 10 95
1 5
6 9 31
8
10 25
1 25 62
7 8 46
31
34
2
8 79
6 9 10 15 25
8
8
8 11 34
8
5 6 7
2 6 8 25 64
10 11
5 6
6 8 31
6
10
6 34
6
6 9
8
6 25 32
8
8
6
25 34
9 25 62
6
5 8
46
6 10 32
6 10
3
2 6 7 11
6 75
79
3 5 6 22
6 11 25 61 77
6 7
6 61
10 25
6
6 10
6 11 17 53
2 5 6 32 54
6 8
6 11
6 9
6 7 11
1 3
6 22 31 73 77
10
6
6
6
10
22
3 6 8 11
6 10 62
6 8
4
4 14
6 41
2 6
6 7
6 8
10 11
15 79
5 6 31
8
6 11
9 34 62 74
25
8
2 8
2
10 62
8
8
17 31
7 8
6
6 8
5 6 10 17 25
38
8
54
15
4 8 17 32 34
6 10 11 57
2
16
6 73
6 22
4 6 8 32
15
2 10 25
2 8 11 14
6 11 28 34 61 62
6 8
8 11
8
6
6 8
8
28 31
2 6 13 15
6 8
6 11 78
25
8 34
7 10
2 6 62
7 8 10 22 25 30 32 74
8
5 6 28
6
6 8
4 6
6
2
6
15
6 8
6 73
4
31
8 10 11 31
6
6 25
79
8
6 25 59
6
8
6 16 32 34
6 8
4 25
6 25
11
2 4 6
6 73
8 10 25
8 11
7 30
2 6
11 17 31
6
11
6 10 61
8
10 19
8
6
4 6
8
24 25
6 14 21
6 10 46
6
6 8 10
10 25
6 11
8
6 25 31
8 79
2 6 31
10 31
22 28
15
8 11
6 25 54
21 46
8
8
10 31
25 46
8
6
6 7 61
10 11 31
6 32 54
6 25
7
6 24 61
8
6 10
88
6 17 53
2 62
6 11
8 9 61
6 10 11
6
6
6 10 11
8
15
6
8
6
6
62
6 8
6 32
4 6
6 8 10 17 53 54
6
8 34
8
5 6
8 9
59
6 8
6 34
2 6 10 11 41 42
4 10 17 23
5 6 9
8 11
6
7 10
25 46
10 31
2 7
7
6
8
25
5 6 10 41
1 2 4 6 31 32
6 7
6 59
15
1 36
6
7
8 20
6 7
8
11 17
22 46
6 11 17
14 22 46
6 7 15
15
10
6
6 31
9
4 6 7 8
30
1 25 79 88
10
10 11
6 7 17
6
6 25
6
15
8 10 11
14 31 67
2 6 25 62
3 9 16
6
6 8 32
6 31
8
6
2 6
2 6
1
6 8 10 25
6 53
17
6
10
6
2
6 53
6 25 34
15 54
2 6
6 10 61
16 33
6 11
8
6
16
2 6 25 32
6
8
7 8
5 34
15
6
6 32
8
2 6 32
8
79
4
2
6
6 25 46 64
8
4 10 46
6
6 25
5 6 11
6 11
7 10
28 31
8
1 7 11
8
5 6
6
46 62
15
16 35
3 16
4 6 34
6 28 85
4 6
8
6
6
4 10
6 8 25
6
16
6 7 9
1
4 6
6 53 62
2 6 28
8
6 9
6 22
7
6 25 62
8
7 21 22 24
8 16
4
4 6 7 8
6 9
2 6 8
5 6 22
31
6
5 25
8
8
10 62
8
15
6 57 75
3
8
8
6 10 25 31
8
6 8
6 7
7 8
1 6 61
15 34
6 8
15
5 6 10
8
7 10
73
6 9
9 17
53
6 8
8 9
6
6 9 14 17 20 67
10
9
8 11
5 6
8 10 17
6 11 25 64
6 9
5
62
2 25 31
8
11 17
6 31
8
8
8 34
10 20
4 7 8
20 22 32 42
6 10
6 10 11 24 57 75
6
10
6 7 8 9 11 15
6
6
24 31
15
6 8 61
8 9
4 8
6 8
2
8
17
6 10 21
2 9 10
2 10 25
6 31 46 73
2 31
5 8 10 22
8
6
5 6 11 34
62
28
6
4 8
8
6 73
6 8 11 61
6 8
9 30
10 11
6 7 8
6 9
2 6
6 28
10
9 10
6
6 8 16
8
8
12
6 8
6 9
6 8 25
10 62
9
6 10 16 25
16
1 6
8 9 10 25
6 8 71
8
6
6 16 31
6 59
6 7 15
8
5 8
6
2 10 11 31
1
8
2 6
2 8 62
5 8 31
15
1 8 34
7 15 30 34
6
10 11 20
8 9
8
10 11
8
8 61
4 6 11 17
6 8
6 8 73 75
4 6 10
7 8
5 6 7 28
8
6
2 25
6 7
8 9
6 7 41
17
6 8 22
6 25 53
11 24
4 10
6
8 9
6 31 75
8
11
6
5 32
8 31
6 7
8
2 6 8
6
6
8 10
4 6
75
2 6 7
31 46
6
6
10
6 7
7
6
1
5 25
5 25
2 11 25
10 22 25 34
6 10 25
6
6
6
22
8
2
6 25
7 8
7 8
2 6 8 11 59 75
7 9 25 32
2
17
11 28
6 7 9
5 6
6 32
8 22
6
7
72
8
1
8
7 10
6 8 11 62
6 10 34
1 4 9 62 79
6 11
9 10
8
22
5 6
11
8 10
10 62
6 10
6 11
2
6
14 31 74
2 6 25
15
9
1
15
6 11
6 22 24 73
6 7
2 4 6 53
3
79
6 32
2
6 8
8
8 10 20
6
10
10
6 9
8
28 31
7 9 17
6
8
4 8
6 8 22
8
8 9 61
8
6 10 21 42
6
6 22 26
10 46
8 10 25 62
2 6
2 6
6
6 8 54
25 34
79
6
6
6 7 10
6
6
8
6 17
8
8
8 9
5 8 18
5 16
7
8 9
8
32
5 6 25 28 34
8 10
15
6 21 31
72
6 9
8
6 8 22
6 10 25
6 7 8
8
6 8
5 6
8 31
1 6 8
8
6
15
6 10
5
6 10 11 61
1 5 25 79
8 11 46
1 6
6
8
8
6 8 10
14 34
6 11 14
16
6
8
10
6 34
8
8 31
6 8 11
10 46
6
8 9 32
6 20
6 8 24 25
8 21
8 9
6 11 31
35
16
4 6 61
10 25
6 8
6
2 6 22 25 31 61
6
6
6 10 22 25 31
6 25 61
4 6 9 11 54 61
6 8 11 57
3 6 11
7 9 15
6 16 25 34 35
7 8
6 11 34
6
6
4 6 10
6 9
6
6 34
3 16
4 6
6
6 10
6 8
32
5 6
16
4
8 10
6
8 10
6 25 95
8 22
15
6 9 25
7
1 6 34
6
8 15
6 7 8 32
6 7 8
2 4 10 61
1
10 22
10
4 8
8 9
15
11
6
2 8
32
6 8 25 32
6 54 62
54
8 10
6 25 54
8
11
6
11 15
4 34
8 11
7 8 25
72
8
6
79
6 10
4 7 9 32
6
6 11
8 41
6 9 34
6 8
8
16
6 10 31
16 30
25
6 25
6
8
2 5 6 7 8
16
6 7 8
6
6 34
6 8 11 24 75
6 8
6 7 8 11
10 62
6
7 8
8 11
8 15 28
3 10 11 25 75 78
6
10 62
6 17 57
8
8 9
14 17
88
10
8
6 8
8 11
8
2
6 17 25 31
2 11
16
6 54
8 31
7 10 28 32 34 62
79
25 73 80
6 8 24 28 31 32 67
6 7 25 31 46
6 7 8 35
6 61
6 11 38 61
6
6
6
6
6 7
25
8
10 31
6
22
7 9
4 6 7 17
5 6 22
6 11
6
8
6 32 75
8 25
6 8
5 8
6 31 53 54
6 7 10 62
2 6 25
6 62
6 62
6
8
6 8 25 35
10 11
6
6 73
6 28
1 8
8 32
6 62
8 31
8 10 22 74 75
4 7 10
8 54
6
6 31 73
8 62
34
61
3 6 8 62
6 8 15 61
6
3 6 15
31
10 11 25 34
6 12 31 34
8
4
8 22 28 31
28
6 25
6 9
8
7 8
8
6
6
6 7 8 10
15
9 10 46
8
8 10 11
2 6 60
10
4 79
6
8
7 8 9 10
6 8
6 31
8
8
10 54 62
10
4 10
2 34
2 6 34
6 61 74
8
25
6
6 9 31
5 9 34
6
31
6 17 25
8
4 10
6 61
8 10 20
9
6 10 22 25 74
74 85
6 32
1 79
8 34
6
6 10 11 25
6
6 25
4 8 20
6 21 26 28
8
8 25
6 9
6
22
6 9
2
6 7 9
15 79
10
6 8 25
6
25
8
8 29 52 53
6 54
6
6
6 11
8 11
6 8
8
8
8 11
6
10
8 30
6 17 25 28 31 32 46 73 74
6
6
6 7 9
6 8
10 17 25
6 11 15
6
15
15
8 32
1
6
6
25
6 9
6 31
10
10 11 22
25
11
15
10 11
4 6 11 31 42 59
8 54
80 81
31 34 79
8
8
8 9
4 6
10 11 42
8 46
2 6 25
6 9
6 74
10 25 57
6 10 11 12
10 11
6 8
11
8
6
8 10 25
7 9
8 30
6 73 77 86
6
17 22 28
3 6 7 22
6
10
6
2
6 8
15
8
46
17
8 62
8
8
8 10 31
32
6
8
8
8
6 7 8 10 25 54
8
4 10
6 8 9 15
6 10 41
6 8 10 25
6
6
8
22 24 73
6 11
2 7 8
8
6 8
3
6 11
8
6
10
6 31
8
2 6 34
2
6
6
6
6
6
6 9 11 21 30
6
7 9
6 8 20 62
6
6 10
15
6 7 11
8
6 21 25
8 9
25
8
6
6 7 8
1 8
8
10
2 4 6 14 32
6 8
4
6 10 20
6
5
6 7 10 32
6 10 25 34
6
6 8 9 10 22 28 31 54 74
6 8 15 31 46
5 10
6
5 6 8
6 11 17 73
6 17 18 32 34
6 31
8
36
6 7 8 11
10 31 32
1 8
6 10 22 34
6
2 54
8
6 22
8
6
6 7 10
6 7 17
1 7 8
8
7 8
11
93
28
6 31
2 8 10
10 22 31
25
28 38 74
2 10 32 34
6 31
6 8 9 11
6 10 31
6
10
4 6 8 25
2 6 9 11
6
6
15
4 6 9 24 62
8
6 62
8
8
6
8
8
8
6
6
8 25
5 6 32 40
6 15
22 46
6 9
81 83
15
6 8
5 6 8 9 20
5 25 82
2 6 9 11
8
4 6 11
15
2 6 7
8
8
8
4 10 17
8 30
8
6 7 8 28 42 46 74
1 8
5 6
15 86
6 62
17 46 75
3
6 20 31 42
70
6 7 24
4 8
8
5
5 6
59 62
4 6 54
72
8
8
34
1
31
6 9
6 8
6
7 15
6 10 31
6
7 9
6 28 31
15
6 25
6 8 22
8
8
10 29 42 58
18 65
10
8
8
6 9
6 46
15 79
5 54
6
6 7
10
6 7
8
6
4 6 53 59
10 22
8 34
1 5 6 20
10 25
10 17 31 64
10
1
11
28
